,Comments
0,Why thank you what a nice post thats not about queen elisabeth dieing and no one paying respect to her :)
1,"Thank you. I get that this is really sad, BUT FOR THE LOVE OF GOD I DON'T NEED TO SEE ANYMORE MEMES ABOUT IT"
