,Comments
0,Im 29 im going to start doing it now lol
1,I'm 37 and I'm going to use it at a Wendy's
