,Comments
0,🥇 best I can do
1,No award for you.
2,Ngl noir do be looking fire
3,It's better than nothing.
